title,year,topic_0,topic_1,topic_2,topic_3,topic_4,topic_5,topic_6,topic_7
Peter the Great,1900,0.38023447583536485,0.025867632295998845,0.02417061044983029,0.48740977102155925,0.04314857306754624,0.0004840097519001863,0.0012010612361967588,0.03748386634160332
The Empire of Russia: From the Remotest Periods to the Present Time,1859,0.0028060914937507583,0.007963232617400801,0.023373983739837397,0.09897160538769567,0.7595710472030094,0.0006825627957772115,0.09909294988472273,0.007538526877806091
"The Englishwoman in Russia
Impressions of the Society and Manners of the Russians at Home",1854,0.002911528674887454,0.09203529718796896,0.0372626737130554,0.17336236706465716,0.23459418020486725,0.0013782866836301953,0.4328391074574281,0.025616559013505583
The Czar: A tale of the Time of the First Napoleon,1895,0.21753246753246752,0.05132408308304074,0.006144506958839206,0.3060302889293117,0.020992850797411058,0.002760269046913998,0.001152756038749524,0.3940627776132662
"The Boy Nihilist
or, Young America in Russia",1909,0.012127197816171859,0.6973371878126112,0.011686362942742333,0.18790162600247545,0.014178775496363111,0.00047898404516861934,0.0055485850896081655,0.07074128079485918
Journal of a Visit to Constantinople and Some of the Greek Islands in the Spring and Summer of 1833,1835,0.048845919038226715,0.021396872358410816,0.008365032403493941,0.8343958392035313,0.030037804076265606,0.0004520052596975673,0.004655067155067154,0.051851460505306646
Dr. Elsie Inglis,1916,0.48247907949790797,0.06197698744769874,0.057792887029288705,0.09021966527196652,0.023274058577405856,0.07139121338912134,0.011767782426778242,0.20109832635983263
An Outline of Russian Literature,1914,0.0006501376019390512,0.04513722321811801,0.19705481354306056,0.09306646131576068,0.5700865166931771,0.002030365002819367,0.00042290504203802357,0.09155157758308717
"Catharine's Peril, or The Little Russian Girl Lost in a Forest
And Other Stories",1881,0.0016245749482677251,0.5455818822077277,0.047548313709355375,0.08943027941478998,0.0254395730725946,0.00029345208562750344,0.008582717184796156,0.28149920737684087
The Boy Scouts In Russia,1916,0.018985497863524537,0.022999482066554448,0.8579211446329147,0.03313802926323967,0.00510488152272433,0.001298070697915318,0.007176615304933316,0.053376278648193706
"The Talisman, from the Russian of Alexander Pushkin; With Other Pieces",1835,0.0076627512856474985,0.0020818723702664796,0.15346686535764376,0.08442175081813932,0.2137462014960262,0.4894007129499766,0.001439048620850865,0.04778079710144927
"The Bullitt Mission to Russia
Testimony before the Committee on Foreign Relations, United States Senate, of William C. Bullitt",1919,0.05431932124951793,0.013517161588893174,0.03758195140763594,0.5948515233320478,0.007192441187813344,0.0014847666795217895,0.2806980331662167,0.01035480138835326
Russian Life To-day,1915,0.0011455485850262541,0.0007325611123129265,0.0892692088339987,0.048167122263957994,0.8311717044582981,0.000594898621408484,0.02700643080493225,0.0019125253200652913
The Rise of David Levinsky,1917,0.011232989206945097,0.028791256061317067,0.7150887689660567,0.065784842796809,0.13695643672767088,0.003059987486313155,0.003490145471609573,0.035595573283278586
The White Terror and The Red: A Novel of Revolutionary Russia,1905,0.8680607966457023,0.039423480083857446,0.0010167714884696017,0.055943396226415094,0.0007651991614255765,0.0003039832285115304,0.0007651991614255765,0.033721174004192875
Lorraine: A Romance,1917,0.002745857405878992,0.007824900006348803,0.057091613230905974,0.10058091549742873,0.7862516665608533,0.003634689860961209,0.009094660656466256,0.03277569678115675
Bolshevism: A Curse & Danger to the Workers,1919,0.00929732868757259,0.08191056910569106,0.0531068524970964,0.2350348432055749,0.08827526132404181,0.0008652729384436702,0.004233449477351916,0.5272764227642276
The Maids of Paradise,1903,0.004081804410031981,0.553315940077428,0.03168658475004208,0.1079363743477529,0.1737502104022892,0.012666217808449756,0.01014139033832688,0.10642147786567918
Under Western Eyes,1911,0.007243745460920087,0.20786481680899552,0.16166011369612582,0.01838796924695099,0.09507024617465128,0.03303824096566577,0.00341213593448699,0.47332273171220357
"Account of the Russian Discoveries between Asia and America
To which are added, the conquest of Siberia, and the history of the transactions and commerce between Russia and China",1803,0.007777291988968858,0.026341898163718305,0.8015151005582836,0.023483217865070294,0.06791047285935295,0.014806282370350442,0.01695870047756777,0.041207035716687976
"Myths and Folk-tales of the Russians, Western Slavs, and Magyars",1890,0.0898590446358653,0.0749804228660924,0.1574654137300966,0.5051553119290002,0.004763769250848342,0.004763769250848342,0.02956147220046985,0.1334507961367789
The Real Tsaritsa,1922,0.04718118074250297,0.11767513929756464,0.06993833343767608,0.24413854629687598,0.0031068052338320915,0.0005399737056282477,0.008991736054592124,0.5084282852313279
From Paris to New York by Land,1903,0.00134370828356636,0.031063373849504673,0.7546634581606126,0.08119335347432025,0.034997892222300285,0.00046546757535305275,0.019575985386074614,0.07669676104826811
From Pekin to Calais by Land,1889,0.046125187589432175,0.007979094684675253,0.11041164973999233,0.7301373329145291,0.06884532160681256,0.0010513733291452904,0.0011211740480926956,0.034328866087320706
The Romance of the Woods,1895,0.0031279932950191575,0.009174449233716476,0.04910500478927204,0.7740810584291189,0.011748682950191573,0.000912954980842912,0.0963392001915709,0.055510656130268204
Free Russia,1870,0.0030012403650217056,0.09616151324532646,0.007549245444611793,0.12402542748294496,0.08812867310475177,0.0005648090723841587,0.6020384808481734,0.07853061043678566
The Red Reign: The True Story of an Adventurous Year in Russia,1907,0.012678102737157856,0.0557039745031871,0.12038338957630296,0.6774700037495313,0.023832958380202475,0.0009608173978252718,0.03676884139482565,0.07220191226096738
Royal Romances of To-day,1911,0.6808658840077906,0.014722192166197794,0.006742317680155811,0.21833071845920798,0.0031446115559402733,0.0013051828608526294,0.05413465700064922,0.020754436269205805
Through Scandinavia to Moscow,1906,0.01460182157870154,0.014111396543671181,0.04241592713685194,0.8532753386268099,0.049024988323213455,0.0005429705744978982,0.0009166277440448388,0.025110929472209248
"The Mentor: Russian Music, Vol. 4, Num. 18, Serial No. 118, November 1, 1916",1916,0.14771843401607468,0.023615072163166537,0.009787399533316048,0.5282387001987728,0.02240515080805462,0.003997061619566157,0.058875637369285284,0.2053625442917639
Napoleon's Russian Campaign of 1812,1914,0.02243065772982399,0.0932169908996785,0.5678777723284835,0.0909555337583783,0.007935534848237153,0.006545964797558716,0.09117350553103373,0.11986404010680617
The Story of Moscow,1900,0.003893640583398129,0.69647864093683,0.020340001413727292,0.15822553662731792,0.02246059235173535,0.0011839966070544992,0.005778610306071959,0.09163898117386489
Boris the Bear-Hunter,1918,0.016689726738152888,0.029833967485299203,0.035022483569699066,0.03882739536492563,0.8323244552058111,0.007696298858526462,0.023953649256312694,0.015652023521272915
Moscow: A Story of the French Invasion of 1812,1905,0.016327372458080632,0.5391823492686408,0.007854307884409563,0.350612067427756,0.010440822333214415,0.00042922761327149485,0.011399616482340351,0.06375423653228685
The Point of View,1913,0.008792356880318212,0.07726826443784302,0.3160528170786969,0.09005714717285132,0.013298675796787675,0.0018188912944967525,0.4361122299984895,0.05659961734051659
A Tramp's Sketches,1913,0.2929670799486961,0.03772979905942711,0.029179136383069692,0.4417486105173151,0.02447627191107311,0.009085079093629758,0.011650277896536984,0.15316374519025228
"A Vagabond in the Caucasus
With Some Notes of His Experiences Among the Russians",1915,0.016297322253000922,0.07483841181902123,0.10512465373961219,0.024607571560480147,0.01020313942751616,0.0022622345337026777,0.011126500461680518,0.7555401662049861
The Little Russian Servant,1899,0.03056908984603391,0.15650945234847008,0.11394465016565972,0.11675112063925161,0.0034788540245566167,0.0029721301890469694,0.005739621906061197,0.5700350808809199
Capitals of the Northlands: Tales of Ten Cities,1914,0.010476030841434798,0.4375628561850486,0.017180690579953067,0.06344284277572913,0.027572913174656388,0.0064532349983238355,0.042993630573248405,0.3943178008716058
Russian Rambles,1895,0.0034406260083898036,0.006764278799612779,0.00484430461439174,0.7855154888673767,0.0891618263956115,0.0026500484027105523,0.001262504033559213,0.10636092287834786
Russia,1905,0.5279305798649785,0.02844202486759257,0.006711294978746619,0.32367081126542857,0.02191825972313777,0.0007785329484236128,0.040898552042370376,0.04964994430932194
The Secret City,1919,0.007191223218670044,0.07942651125526581,0.02246530380172124,0.4525689401183677,0.003211175147959579,0.00021321686093091774,0.40333522859431936,0.03158840100276536
"With the ""Die-Hards"" in Siberia",1920,0.3035140503592919,0.006148857860606415,0.04377227317871122,0.24123678214640415,0.2825991704153765,0.0070836010983233045,0.000949348600806216,0.11469591634048022
Condemned as a Nihilist: A Story of Escape from Siberia,1892,0.029751095804633688,0.025962742642454604,0.02170475892298059,0.8465638697557921,0.014409830932999374,0.0005400751408891672,0.021986537257357545,0.039081089542892924
Through Russian Snows: A Story of Napoleon's Retreat from Moscow,1895,0.0019170905777845266,0.034868271201882926,0.7204654164452206,0.057873358135297245,0.13182370359122314,0.0122428061650596,0.011787259889150406,0.029022093994381597
A Journey in Russia in 1858,1918,0.039741155769586964,0.005012502315243563,0.09345480644563808,0.1603653454343397,0.5767387479162808,0.013208464530468606,0.0021416002963511763,0.10933737729209113
Turkish Harems & Circassian Homes,1871,0.004386964448495898,0.028407019143117593,0.11769598906107566,0.26095031905195987,0.24563582497721057,0.00420464904284412,0.003703281677301732,0.33501595259799455
The Economics of the Russian Village,1892,0.29245055475156784,0.009286058851905452,0.1337433671008201,0.43282682103232034,0.05414857694163049,0.008803666184274,0.04015918958031839,0.028581765557163536
The Story of Russia,1905,0.05930800069722852,0.006492940561268956,0.16580965661495556,0.6821073731915636,0.02008889663587241,0.0021352623322293883,0.010327697402823776,0.05373017256405787
The Red Cross Girls with the Russian Army,1916,0.3327791114084451,0.03164967927275589,0.042235645980087354,0.4062512297823776,0.0010330171972767696,0.0004820746920624925,0.1312128605721931,0.05435638109480145
In Search of a Siberian Klondike,1903,0.5155346433925894,0.0005153673163418291,0.23255113514671236,0.17774817948168772,0.04734016920111373,0.00022087170700364105,0.008439976440351254,0.017649657314200044
Our Little Russian Cousin,1901,0.5531624972547767,0.000623914388963204,0.23363846906382893,0.15229999800347396,0.02136781999321181,0.00036436600315451113,0.03664124423503105,0.0019016910575598458
The Red Symbol,1910,0.02367668322122336,0.050300182309674986,0.12526717797196202,0.19891400012573082,0.006797321933739863,0.0018623876280882631,0.013335324071163638,0.5798469227384171
"Tent Life in Siberia
A New Account of an Old Undertaking; Adventures among the Koraks and Other Tribes In Kamchatka and Northern Asia",1910,0.03907145586549484,0.02804885217953617,0.1795729108491814,0.14115546280238675,0.0029173157755503954,0.0017415713823814704,0.035838158784280295,0.5716542723611887
"Fred Markham in Russia; Or, The Boy Travellers in the Land of the Czar",1870,0.00848545792079208,0.008794863861386138,0.05467976485148515,0.8791847153465346,0.017210705445544556,0.0005027846534653465,0.016375309405940595,0.014766398514851484
"The Boy Travellers in The Russian Empire
Adventures of Two Youths in a Journey in European and Asiatic Russia, with Accounts of a Tour across Siberia, Voyages on the Amoor, Volga, and Other Rivers, a Visit to Central Asia, Travels among the Exiles, and a Historical Sketch of the Empire from Its Foundation to the Present Time",1887,0.004929179063822654,0.004761555546243138,0.044027364539244856,0.7664637723672632,0.08461320873318527,0.005725390772325358,0.004510120269873863,0.08496940870804173
"Overland through Asia; Pictures of Siberian, Chinese, and Tartar Life",1870,0.03189348558592287,0.0023165481093223514,0.0857746786471983,0.868409147635093,0.005966866342193935,0.0005381879445900411,0.002628541120678897,0.002472544615000624
"The War with Russia; Its Origin and Cause
A Reply to the Letter of J. Bright, Esq., M.P.",1855,0.005286962427834892,0.045946404865549066,0.10380198203204591,0.7905668241178103,0.01732734401531289,0.0005943008860485936,0.0050091074681238605,0.031467074187274235
"The Price of Power
Being Chapters from the Secret History of the Imperial Court of Russia",1913,0.007196149772025975,0.7228964214986414,0.0036038318058306085,0.16838990466540782,0.0045709943351908994,0.0007023442177497352,0.009130474830746558,0.08350987887440704
By Right of Sword,1897,0.04395635673624288,0.08904174573055028,0.055759013282732445,0.16266603415559772,0.03219165085388994,0.005056925996204934,0.008358633776091081,0.6029696394686908
The Haskalah Movement in Russia,1913,0.11521426861383766,0.0019272204931769208,0.13350490782858507,0.6613957385683504,0.009875508738328943,0.0014005266937993774,0.06378980129279385,0.0128920277711276
A Dash for a Throne,1899,0.048837465391391895,0.14237509438711302,0.35015259249937075,0.3821183614397181,0.002115844450037755,0.0005427258998238107,0.03634690410269318,0.0375110118298515
Secret Diplomatic History of The Eighteenth Century,1899,0.02355617490171469,0.036679340703962796,0.5161640118865244,0.06846287306890125,0.021415123941010358,0.28570571623691843,0.005818675132431386,0.04219808412853689
One Year at the Russian Court: 1904-1905,1918,0.0010010508769386867,0.557929591245108,0.1094769169444847,0.07901960429047689,0.08603149007102479,0.002432417741701696,0.0018163864328163502,0.16229254239744892
The Romance of the Romanoffs,1917,0.06746031746031746,0.012548262548262547,0.04643929643929644,0.25664950664950664,0.41537966537966536,0.005684255684255684,0.00782925782925783,0.188009438009438
"From Paris to Pekin over Siberian Snows
A Narrative of a Journey by Sledge over the Snows of European Russia and Siberia, by Caravan Through Mongolia, Across the Gobi Desert and the Great Wall, and by Mule Palanquin Through China to Pekin",1885,0.06398720999405116,0.060864069006543724,0.021750446162998215,0.17166121356335515,0.0039039262343842952,0.003606484235574063,0.008811719214753122,0.6654149315883403
Peter and Alexis: The Romance of Peter the Great,1905,0.060536077326390124,0.040419802403966185,0.13172771694546492,0.04049113671220173,0.028435638620394478,0.016879480686236046,0.004110639512073332,0.6773995077932732
Barlasch of the Guard,1903,0.5836339306492903,0.0017551004576836552,0.0057889225040726085,0.35037041346675973,0.0017551004576836552,0.0005139244434101311,0.027082848498952757,0.029099759522147235
The Isle of Unrest,1900,0.026246473422714904,0.0073465158664769185,0.5401904975906924,0.028568396874141762,0.023275410081641825,0.019755074526252716,0.018656530097620652,0.3359611015404589
The Sowers,1896,0.024150743099787687,0.002573692786253888,0.1381091690119982,0.12978941391398804,0.6252468770058757,0.0064002863773268154,0.0008455537451241791,0.07288426405964549
"The Siberian Overland Route from Peking to Petersburg,
Through the Deserts and Steppes of Mongolia, Tartary, &c.",1864,0.08473150878358736,0.31327089995431706,0.047229951409942274,0.41103243490178165,0.01670542796627767,0.000882511732214793,0.0015054611902487645,0.12464180406163046
The Two Great Retreats of History,1889,0.011652698132627554,0.42712101161593885,0.12593001029260403,0.1550727834142038,0.04447140126451992,0.0011542420232318776,0.002271724746360829,0.23232612851051315
"The History of the American Expedition Fighting the Bolsheviki
Campaigning in North Russia 1918-1919",1920,0.07079039908406935,0.1615247791952895,0.08199419365390906,0.19938869807000328,0.0029133954857703632,0.0023000490677134444,0.00843351324828263,0.4726549721949624
"Historic Tales: The Romance of Reality. Vol. 08 (of 15), Russian",1898,0.007942042460870912,0.5536830414794153,0.009474490762263891,0.18625703807014826,0.002104964099385299,0.0014506603302512182,0.0027076123077982676,0.2363801504898669
The Prophet's Mantle,1889,0.7912072767364939,0.010611907386990077,0.0062017640573318635,0.11039140022050717,0.009509371554575523,0.004547960308710033,0.011714443219404631,0.05581587651598677
The Russian Opera,1914,0.003958023930282735,0.8258539524196484,0.1071328494970157,0.005106901672878078,0.0030333174545352642,0.01824894219183456,0.005134923081234062,0.031531089752570955
Russian Memories,1916,0.33757778184480236,0.003866215226939971,0.2327095534407028,0.3305499633967789,0.00992404831625183,0.0010294655929721816,0.013584370424597364,0.07075860175695461
Red Dusk and the Morrow: Adventures and Investigations in Red Russia,1922,0.9010947876481883,0.016404199475065617,0.03144762106079022,0.01994486427451602,0.0031223026651869858,0.0003038630238334302,0.0009203966953795205,0.026761965157039935
My Disillusionment in Russia,1921,0.002694763138415988,0.022032290895632866,0.025733253145817914,0.010142949666913398,0.8896766284233901,0.0057480569948186525,0.003990099925980755,0.03998195780903035
"Northern Lands; Or, Young America in Russia and Prussia",1872,0.04573538030737171,0.030269113050273508,0.18450849830685073,0.13635142615264392,0.05146603933315968,0.003471769992185465,0.003895057306590258,0.5443027155509247
"Lectures on Russian Literature: Pushkin, Gogol, Turgenef, Tolstoy",1889,0.016962467911835002,0.0103235372222714,0.02236213153934673,0.45659245817473665,0.12327387802071346,0.0034633088430556787,0.24821855359830045,0.11880366468974064
A Short History of Russia,1910,0.000842026689970324,0.006340233400695467,0.02833306024359604,0.035342363500646304,0.8951745043421266,0.000842026689970324,0.02727711325941704,0.005848671873577657
"New lands within the Arctic circle
Narrative of the discoveries of the Austrian ship ""Tegetthoff"" in the years 1872-1874",1876,0.010855476344782893,0.01647224022467056,0.0875459062432491,0.08689781810326205,0.6217865629725644,0.018416504644631675,0.008695182544826098,0.14933030892201343
The Garden of Swords,1899,0.016129805387786404,0.005104975553638194,0.0351116863196242,0.8885293835682101,0.011719873454127122,0.000982647876521906,0.0022289329882082256,0.04019269485188381
The Great White Army,1916,0.0013831119008197717,0.001261963413156726,0.572032871622986,0.3554193756814603,0.06462262246092963,0.000736986633283528,0.0008985179501675889,0.0036445503371966242
Essays on Russian Novelists,1911,0.006231911756675586,0.029603287282258504,0.1801793807677606,0.12393518265712881,0.039514279473597994,0.0009624310599028013,0.00964478785562169,0.609928739147054
Trapped in 'Black Russia': Letters June-November 1915,1918,0.004484838863311637,0.005913637085251627,0.2845927925067471,0.3225988252103508,0.3330131766947134,0.0026432767105889826,0.0098190188918876,0.03693443403714875
The Genius,1906,0.02594097456508346,0.01086191216592836,0.011624666295068501,0.8625649074427201,0.0313389268636137,0.0009754451843811423,0.003234370874526946,0.05345879660867779
Confessions of the Czarina,1918,0.007138521459824477,0.01072991223854928,0.6383380965628873,0.14027289511621438,0.15087002706188826,0.002156099041452743,0.0029907180252409012,0.047503730493942686
Old Peter's Russian Tales,1917,0.002009239888423989,0.008267956764295677,0.08583071827057183,0.030060146443514645,0.029694037656903767,0.0009457810320781032,0.840067119944212,0.003125
"The Soldier and Death
A Russian Folk Tale Told in English by Arthur Ransome",1920,0.002746310983685744,0.06892266699908067,0.2070562662636147,0.03515667606775013,0.046562631472334325,0.5404155694407654,0.023563737787680946,0.07557614098508812
Through Siberia and Manchuria By Rail,1904,0.008802435723951285,0.0473680649526387,0.018031123139377537,0.4384912043301759,0.3611163734776725,0.0013058186738836265,0.04360622462787551,0.0812787550744249
Afghanistan and the Anglo-Russian Dispute,1885,0.01128757261934832,0.04178769891386714,0.18601603940388986,0.14383367011871684,0.03968279026690242,0.0024680053885661364,0.011245474446409026,0.5636787488423003
"Napoleon's Campaign in Russia, Anno 1812; Medico-Historical",1913,0.13820593962999025,0.10259597996939769,0.00612915565447211,0.29163478926137154,0.014962094867158158,0.001295381833356517,0.002025664209208513,0.4431509945750452
"The First Landing on Wrangel Island
With Some Remarks on the Northern Inhabitants",1883,0.0478452790662876,0.03213377225796798,0.25139657838296176,0.3482093870018455,0.06779639882288394,0.0020075814255075064,0.016821287844780288,0.23378971519776548
The Rise of the Russian Empire,1900,0.01907000074310768,0.007514676376606971,0.04504161402987294,0.364466448688415,0.47883072007133837,0.0018299026528944046,0.0018670580367095193,0.08137957940105522
For Sceptre and Crown: A Romance of the Present Time. Vol. 1 (of 2),1875,0.0007517032814238042,0.19244038515016684,0.15291730394883205,0.040987381813125695,0.04425490127919911,0.01293537958843159,0.03132386679644049,0.5243890781423804
For Sceptre and Crown: A Romance of the Present Time. Vol. 2 (of 2),1875,0.002727370922445453,0.014500972132209982,0.020333765392093327,0.24468027651760643,0.5530622164614388,0.009424281702311516,0.02292611795204148,0.13234499891985313
Great Catherine (Whom Glory Still Adores),1913,0.0077745256886008465,0.8551586264569069,0.025457760588163555,0.06354204777086708,0.029290579975260893,0.00146779560619523,0.0030009233610341643,0.014307740552971307
"Russia, as Seen and Described by Famous Writers",1904,0.003042035398230089,0.01626827626010004,0.048780781069642176,0.2754064063101193,0.5654698922662563,0.0016953636013851484,0.03488120430934976,0.05445604078491728
"The Heart of Asia
A history of Russian Turkestan and the Central Asian Khanates from the earliest times",1899,0.05332348297777598,0.007094280046957859,0.24953446949763186,0.5983180180544873,0.04789904060235599,0.0008197384933004089,0.006446585434967413,0.03656438489252318
"""The Greatest Failure in All History""
A Critical Examination of the Actual Workings of Bolshevism in Russia",1920,0.047920517560073934,0.00810536044362292,0.4515804066543438,0.31963955637707947,0.03827171903881701,0.0011552680221811461,0.0024861367837338264,0.13084103512014789
"Incidents of Travel in Greece, Turkey, Russia, and Poland, Vol. 1 (of 2)",1853,0.006324154913812402,0.0054286993507947166,0.5908327736736064,0.05154466084620551,0.2185471233490038,0.04035146630848444,0.029382135661517796,0.05758898589657488
"Incidents of Travel in Greece, Turkey, Russia, and Poland, Vol. 2 (of 2)",1853,0.46220351316159003,0.00973076824878086,0.19155475272550868,0.20674611279903995,0.007279725278933794,0.0009223325758929709,0.0005521229606556539,0.12101067224959784
The Russian Ballet,1913,0.007384694347102758,0.03476425613252628,0.07178949417719727,0.32978036175710596,0.335921737283636,0.0007477611411985417,0.07548847828395455,0.1441232168772787
The Practice and Theory of Bolshevism,1920,0.0018495032762629467,0.17566758261114637,0.0525082787289509,0.0036813922356091033,0.06617698865637991,0.31052279292609036,0.2933312196153034,0.09626224195025718
"Annajanska, the Bolshevik Empress",1917,0.03449290060851927,0.060334685598377284,0.13846855983772818,0.13323529411764706,0.05960446247464503,0.004107505070993915,0.47753549695740366,0.0922210953346856
Bolshevism: The Enemy of Political and Industrial Democracy,1919,0.46322473677013537,0.027869889238342677,0.03494632845617394,0.34268597019007246,0.0057517434705319295,0.0010683030220155886,0.08171236154792835,0.042740667304799675
Russia in the Shadows,1921,0.5368516142104552,0.036209982439551536,0.014833513440497095,0.3062694178035931,0.025369782520599758,0.0012579359719032824,0.020000337700932055,0.05920741591246792
